001000000
001001001
001010010
001011011
001100100
001101101
001110110
001110111
001000000
001001001
001010010
001011011
001100100
001101101
001000000
110111000
001100000
001000000
110111001
001101000
001000000
110110000
001010000
001000000
110110001
001011000
001000000
001001001
001001100
001001010
100000001
101000001
000000001
001001001
001001000
001000000
100000001
101000011
100000100
110000110
011000001
010100010
100000110
001001001
001001000
001000000
100000001
101000011
100000100
110000101
011000001
001000000
100000001
001001001
001001000
001000000
100000001
101000011
100000100
110000000
011000001
010101011
100000110
001001001
001001000
001000000
100000001
101000011
100000100
110000001
011000001
001000000
001000100
001000010
001001001
001001000
001000000
100000001
101000011
100000100
110000010
011000001
001000000
100000101
001100000
001101000
001000000
100101001
100100000
100000000
001001001
001001000
001000000
100000001
101000100
100000011
100000010
110000001
011000001
001000000
100000101
001010000
001011000
001000000
100011001
100010000
100000000
001001001
001001000
001000000
100000001
101000100
100000011
100000010
110000010
011000001
001000000
100000001
101000001
000000100
001001001
001001000
001000000
100000001
101000100
100000011
100000011
110000001
011000001
001000000
100000101
001010000
001011000
001000000
100011001
100010000
100000000
001001001
001001000
001000000
100000001
101000100
100000011
100000100
110000110
011000001
001000000
100000101
001100000
001101000
001000000
100101001
100100000
100000000
001000000
001000011
100101000
001000000
001000010
100100000
001000000
100000000
001000000
001001001
100001001
101001011
100001010
110001000
001010010
001010000
110001001
001011011
001011000
010100010
001001001
001001000
001000000
100000001
101000100
100000011
100000100
110000101
011000001
010101011
100000110
001001001
001001000
001000000
100000001
101000100
100000011
100000100
110000000
011000001
001000000
001000100
001000010
001001001
001001000
001000000
100000001
101000100
100000011
100000100
110000001
011000001
001000000
100000001
101000011
100000010
111010000
111011001
001000000
001001001
100001001
101001011
100001011
110001000
001010010
001010000
110001001
001011011
001011000
010010100
001001001
001001000
001000000
100000001
101000100
100000011
100000100
110000010
011000001
010011101
100000110
001001001
001001000
001000000
100000001
101000100
100000100
100000010
000000000
110000001
011000001
001000000
001000100
001000010
001001001
001001000
001000000
100000001
101000100
100000100
100000010
000000000
110000010
011000001
001000000
100000001
101000011
100000011
111010000
111011001
001000000
100110001
001000000
100000001
101000010
010110000
001001001
001000000
100001100
011001000
001000000
100111001
001000000
100000001
101000010
010111000
001001001
011001000
000000000
