001111111
001110110
001000000
001110111
100110010
001101101
001100100
001000000
001001001
001010010
001011011
110110001
001101000
001000000
100000001
101000010
110000100
001101000
001000000
100101001
100001000
110111001
001010000
100101000
001000000
001010010
001011011
100011000
110110000
001100000
001000000
100000001
101000010
110000100
001100000
001000000
001000001
100100000
001000000
110111000
001010000
100100000
001000000
001000011
100100000
100000000
001000000
001001001
001010010
001011011
100000011
100000001
100000001
101000110
001011000
110111000
001001000
110110000
001010000
010001010
001001001
001001000
110011101
011000001
010001010
001001001
001001000
110011000
011000001
001001001
001010010
110111001
001001000
110110001
001010000
010010001
001001001
001010010
001001000
110011001
011000001
001000000
001001001
001010010
110110000
001001000
101001111
001000000
100000001
000001000
110011101
011000001
110011000
011000000
001000000
001001001
001010010
110111000
001001000
101001111
001000000
100000001
000001000
110011101
011000001
001000000
001001001
001010010
001011011
100000001
101000010
110000100
001101000
001000000
100101001
100001000
100000001
101000010
110000100
001100000
001000000
001000001
100100000
001000000
001001001
001010010
001011011
100000001
101000010
110000010
001011000
010011100
001001000
001000000
100000011
100000001
101000101
110000001
001010000
001000000
001000001
011010000
001000000
001001001
001010010
001011011
010100011
001001000
001000000
100000010
100000001
101000100
110000110
001010000
001000000
001000001
011010000
001000000
001001001
001010010
001011011
100000100
100000001
101000110
110000101
010000101
001001000
001000000
100000011
100000001
101000101
110000001
001010000
001000000
001000001
011010000
001000000
100000001
101000010
111100010
001000000
100000100
100000001
101000110
111101101
001000000
001001001
001010010
001011011
100000100
100000001
101000110
110000000
001011000
010100011
001001000
001000000
100000011
100000001
101000101
110000010
001010000
001000000
001000001
011010000
001000000
001001001
001010010
001011011
010011100
001001000
001000000
100000010
100000001
101000100
110000101
001010000
001000000
001000001
011010000
001000000
001001001
001010010
001011011
100000100
100000001
101000110
110000000
010000101
001001000
001000000
100000011
100000001
101000101
110000010
001010000
001000000
001000001
011010000
001000000
100000100
100000001
101000110
111100000
001000000
100000100
100000001
101000110
111101001
001000000
001001001
001010010
001011011
100110010
100000001
101000010
010110000
001001000
001000000
100000011
100000001
101000101
110000101
001010000
001000000
001000001
011010000
001000000
001001001
001010010
001011011
100111010
100001001
100001010
100001011
100001100
100001100
100001100
101001111
010111001
001001001
001001000
001000000
100000011
100000001
101000101
110000110
001010000
001000000
001000001
011010000
000000000
