001111111
001110110
001000000
001110111
100110010
001000000
001001001
001010010
001011011
001100100
110110000
001011000
110111000
001011000
001101101
001000000
001001001
001010010
100000001
001010011
000000010
100100000
101011001
001000000
001010010
100101001
100000001
101000101
010101000
001001000
001000000
100000001
101000010
110000011
001010000
001000000
001000001
011010000
001000000
001001001
001010010
001011011
110110001
001011000
110111001
001011000
001101101
001000000
001001001
001010010
100000001
001010011
000000010
100100000
101011001
001000000
001010010
100101001
100000001
101000101
010101000
001001000
001000000
100000100
100000001
101000110
110000001
001010000
001000000
001000001
011010000
001000000
001001001
001010010
001011011
100000001
101000010
110000000
010000100
001001000
001000000
100000100
100000001
101000110
110000010
001010000
001000000
001000001
011010000
001000000
100000001
101000010
111100000
001000000
001001001
001010010
001011011
100000001
101000010
110000001
010100000
001001000
001000000
100000011
100000001
101000101
110000101
001010000
001000000
001000001
011010000
001000000
100000001
101000010
111100001
001000000
001001001
001010010
001011011
100110010
100000001
101000010
010110000
001001000
001000000
100000100
100000001
101000110
110000101
001010000
001000000
001000001
011010000
001000000
001001001
001010010
001011011
100111010
100000001
101000010
010111000
001001000
001000000
100000001
101000010
110000010
001010000
001000000
001000001
011010000
000000000