001000000
001001001
001010010
001011011
100000001
101000001
110000000
001001000
110001010
001101000
001000000
100001001
110001010
001100000
001000000
001110110
001111111
110001000
001111000
001000000
110001001
001110000
001000000
001001001
100001001
001000100
000000001
001001000
001000000
100000001
101000001
100000001
110000011
011000001
001000000
001001001
001000101
100010000
001000000
001000110
100011000
001000000
001001001
001001111
101001111
100000001
000001000
001001000
001000000
100000001
101000001
100000010
110000011
011000001
001000000
001001001
100000001
101000001
110000010
001001000
001000000
100000001
101000001
111001010
001000000
101001001
101011001
001000000
100000001
101000001
000000011
001011000
001011001
001001001
001001000
101010001
001000000
100000001
101000001
000000010
001010000
001010001
001001001
001001000
101101001
001000000
100000001
101000001
000000101
001101000
001101001
001001001
001001000
101100001
001000000
100000001
101000001
000000100
001100000
001100001
001000000
001001001
001110110
001111111
100000001
101000001
100000001
110000010
001001000
100001001
001000000
100000001
101000001
100000001
111001010
001000000
100000001
101000100
100000101
010001000
001001000
001000000
100000001
101000001
110000011
011000001
100001001
001000100
000000001
001001000
001000000
100000001
001001000
101000001
100000100
110000101
011000001
001000000
001001001
100000001
101000001
110000100
001001000
001000000
001000101
001000001
100000001
100010000
001000000
001000110
001000001
100000001
100011000
001000000
001001001
100001001
001000100
000000001
001001000
001000111
101000111
001001000
001000000
100000001
000001000
001000000
101001001
101011001
001000000
100000001
101000001
000000011
001011000
001011001
001001001
001001000
101010001
001000000
100000001
101000001
000000010
001010000
001010001
001001001
001001000
101101001
001000000
100000001
101000001
000000101
001101000
001101001
001001001
001001000
101100001
001000000
100000001
101000001
000000100
001100000
001100001
001000000
001001001
100000001
101000001
110000000
001000000
100000001
101000010
111011000
111010001
111101010
100000001
111011010
001000000
001001001
001010010
001011011
001100100
001101101
001110110
001111111
001000000
100000001
101000001
111001011
001000000
001000000
100000001
101000001
100000001
111001010
001000000
100000001
101000001
110000000
001001000
100001011
001000000
100000001
101000001
111001000
001000000
100000001
101000111
010001000
001001000
001000000
100000001
101000001
110000001
011001001
000???000
