
Test 0:
0
0
3
196608
21
1376256
105
6881280
465
30474240
1953
127991808
8001
524353536
32385
2122415872

Test 1:
0
0
3
196608
21
1376256
105
6881280
465
30474240
1953
127991808
8001
524353536
32385
2122415872

Test 2:
1073741824
16384
1073741824
16256
1073709056
8306689
1073676289
-16826240
1073709056
0
0
0
0
4210688
1077936128
0

Test 3:
329121572
309445780
1325607049
79438820
1211747195
60866130
696644615
88650627
1238272809
126109668
1332299937
939681864
712091930
125410230
1220954130
2228935

Test 4:
-1697514496
1199829
27493200
358405258
17832024
870276428
1001989920
563506244
1732504320
-1676298822
1183939128
-1790076592
1191351327
1201155840
267104501
1900519440

Test 5:
478474560
-2050641442
444344272
-1655947260
109501388
-1711839018
33524556
1310695325
755115153
316546800
1283739340
455398176
1236581400
613979480
1909444800
422521500

Test 6:
461981100
114729303
351455760
-885698117
1654100028
1610049171
1552045635
1825888989
595738410
-1085531449
1219706730
1940697864
-551922331
1433383000
-769961473
667034250

Test 7:
704280960
231346172
1687118328
644304542
20314000
-1409559400
19500500
1442359560
-1788763036
27273440
-1650154216
60180352
1475226194
41831444
511694668
41363157

Test 8:
406456320
540020
1592086230
155689508
1475807340
2134474555
1409909286
2141161655
272678004
-1947108344
277524000
1186002144
1162824000
695736900
42070376
1031684050

Test 9:
552592472
6611172
269667136
327524706
966442496
239253174
1326691072
459949590
1654822708
850123890
1118548354
111424005
423688076
128858040
100620798
-2095330504
